20211220	1684	1	2.125784158706665	1.662537932395935
20211220	1684	2	1.3923414945602417	1.0559067726135254
20211220	1684	3	0.9179784655570984	0.8014333248138428
20211220	1684	4	0.7599318027496338	0.7669965624809265
20211220	1684	5	0.5751418471336365	0.8438661098480225
20211220	1684	6	0.5447835326194763	0.7231914401054382
20211220	1684	7	0.4724319875240326	0.6121167540550232
20211220	1684	8	0.43543726205825806	0.6605209112167358
20211220	1684	9	0.39620497822761536	0.6372275352478027
20211220	1684	10	0.34921470284461975	0.5237674713134766
20211220	1684	11	0.30108487606048584	0.43005460500717163
20211220	1684	12	0.2968232333660126	0.4907093346118927
20211220	1684	13	0.24573829770088196	0.39425545930862427
20211220	1684	14	0.27298641204833984	0.48313426971435547
20211220	1684	15	0.2515203356742859	0.4176223576068878
20211220	1684	16	0.22745777666568756	0.5516276359558105
20211220	1684	17	0.20933029055595398	0.46979716420173645
20211220	1684	18	0.2174454629421234	0.36706724762916565
20211220	1684	19	0.20143403112888336	0.5389951467514038
20211220	1684	20	0.1848168671131134	0.4250168204307556
20211220	1684	21	0.16736209392547607	0.6230698227882385
20211220	1684	22	0.1426510214805603	0.5634549856185913
20211220	1684	23	0.16926907002925873	0.41169416904449463
20211220	1684	24	0.13843300938606262	0.627054750919342
20211220	1684	25	0.16684989631175995	0.6904816031455994
20211220	1684	26	0.12377917021512985	0.47339826822280884
20211220	1684	27	0.138498917222023	0.5589674115180969
20211220	1684	28	0.09906557202339172	0.611606240272522
20211220	1684	29	0.11435142904520035	0.5228255987167358
20211220	1684	30	0.10938919335603714	0.6518512964248657
20211220	1684	31	0.13870283961296082	0.4825730621814728
20211220	1684	32	0.11457356065511703	0.47292035818099976
20211220	1684	33	0.1291482299566269	0.5055484771728516
20211220	1684	34	0.10469427704811096	0.7327283024787903
20211220	1684	35	0.13212451338768005	0.6355664134025574
20211220	1684	36	0.11159586161375046	0.5925019383430481
20211220	1684	37	0.09819351136684418	0.49359330534935
20211220	1684	38	0.06522633135318756	0.635797381401062
20211220	1684	39	0.08926143497228622	0.6710343360900879
20211220	1684	40	0.08104997873306274	0.36317089200019836
20211220	1684	41	0.1078629195690155	0.5826053619384766
20211220	1684	42	0.07471254467964172	0.520087718963623
20211220	1684	43	0.09063336998224258	0.500313937664032
20211220	1684	44	0.07707220315933228	0.7370649576187134
20211220	1684	45	0.08490481227636337	0.5707502961158752
20211220	1684	46	0.07756097614765167	0.5045731663703918
20211220	1684	47	0.10165398567914963	0.47597968578338623
20211220	1684	48	0.0709930881857872	0.7572994232177734
20211220	1684	49	0.0763573944568634	0.4975335896015167
20211220	1684	50	0.06563182920217514	0.6210673451423645
20211220	1684	51	0.06533236056566238	0.5377917885780334
20211220	1684	52	0.10424972325563431	0.4687686562538147
20211220	1684	53	0.08917154371738434	0.5640154480934143
20211220	1684	54	0.06364817917346954	0.7178768515586853
20211220	1684	55	0.0874948501586914	0.6052123308181763
20211220	1684	56	0.08497143536806107	0.5624119639396667
20211220	1684	57	0.08258246630430222	0.4888812303543091
20211220	1684	58	0.07059065997600555	0.5765730738639832
20211220	1684	59	0.11820369958877563	0.7418144345283508
20211220	1684	60	0.04102566838264465	0.6545823812484741
20211220	1684	61	0.056602392345666885	0.625272274017334
20211220	1684	62	0.05073140189051628	0.5792444348335266
20211220	1684	63	0.050492554903030396	0.8932144045829773
20211220	1684	64	0.038440901786088943	0.6071266531944275
20211220	1684	65	0.04796703904867172	0.8161931037902832
20211220	1684	66	0.06625649333000183	0.6532154679298401
20211220	1684	67	0.048585083335638046	0.6637555360794067
20211220	1684	68	0.06939823925495148	0.5247558355331421
20211220	1684	69	0.06637109816074371	0.5459670424461365
20211220	1684	70	0.05174563080072403	0.5590173006057739
20211220	1684	71	0.0656299740076065	0.747342050075531
20211220	1684	72	0.05765615031123161	0.5695521235466003
20211220	1684	73	0.03993842005729675	0.6996881365776062
20211220	1684	74	0.048348747193813324	0.763259768486023
20211220	1684	75	0.06598711758852005	0.4621548652648926
20211220	1684	76	0.060564570128917694	0.710076093673706
20211220	1684	77	0.04262405261397362	0.37228935956954956
20211220	1684	78	0.04290242865681648	0.8058533072471619
20211220	1684	79	0.0579550564289093	0.707272469997406
20211220	1684	80	0.059931669384241104	0.8360433578491211
20211220	1684	81	0.03738915175199509	0.7787368893623352
20211220	1684	82	0.04453495889902115	0.6737091541290283
20211220	1684	83	0.0700494647026062	0.7298884987831116
20211220	1684	84	0.051217783242464066	0.8915415406227112
20211220	1684	85	0.05793089419603348	0.7240847945213318
20211220	1684	86	0.02706419862806797	0.7799018025398254
20211220	1684	87	0.04282110929489136	0.8477692008018494
20211220	1684	88	0.047284502536058426	0.4565860629081726
20211220	1684	89	0.0637505054473877	0.4449303150177002
20211220	1684	90	0.032951511442661285	0.7298552393913269
20211220	1684	91	0.04836641997098923	0.7999223470687866
20211220	1684	92	0.04165801778435707	0.721596360206604
20211220	1684	93	0.03452465683221817	0.8554354310035706
20211220	1684	94	0.046659789979457855	0.8864662051200867
20211220	1684	95	0.028270911425352097	0.5366606712341309
20211220	1684	96	0.02825348824262619	0.8383797407150269
20211220	1684	97	0.04784958437085152	0.6832550168037415
20211220	1684	98	0.06759368628263474	0.9052148461341858
20211220	1684	99	0.05593692138791084	0.7933368682861328
20211220	1684	100	0.02677920274436474	0.4808516800403595
