20211227	1711	1	2.065337657928467	1.4682204723358154
20211227	1711	2	1.2035133838653564	0.901152491569519
20211227	1711	3	0.8348731398582458	0.8150058388710022
20211227	1711	4	0.6998627781867981	0.5776678323745728
20211227	1711	5	0.5666634440422058	0.6051896810531616
20211227	1711	6	0.5110645890235901	0.4382984936237335
20211227	1711	7	0.44573497772216797	0.536419153213501
20211227	1711	8	0.394376665353775	0.4307822585105896
20211227	1711	9	0.3570809066295624	0.4799880385398865
20211227	1711	10	0.3682306408882141	0.4822949171066284
20211227	1711	11	0.35172662138938904	0.3138955235481262
20211227	1711	12	0.2734365463256836	0.41225332021713257
20211227	1711	13	0.29317179322242737	0.33493658900260925
20211227	1711	14	0.24435080587863922	0.4367333650588989
20211227	1711	15	0.2550947964191437	0.34352752566337585
20211227	1711	16	0.24290911853313446	0.2630651593208313
20211227	1711	17	0.2385048270225525	0.2773440182209015
20211227	1711	18	0.19581539928913116	0.3310701549053192
20211227	1711	19	0.1903255581855774	0.25741326808929443
20211227	1711	20	0.20588643848896027	0.2727407217025757
20211227	1711	21	0.17735402286052704	0.31082916259765625
20211227	1711	22	0.16001924872398376	0.4244382083415985
20211227	1711	23	0.19082249701023102	0.24115166068077087
20211227	1711	24	0.1536082625389099	0.27231624722480774
20211227	1711	25	0.13824158906936646	0.25909802317619324
20211227	1711	26	0.1786346435546875	0.2698608934879303
20211227	1711	27	0.12877190113067627	0.4582429528236389
20211227	1711	28	0.13249534368515015	0.2797982692718506
20211227	1711	29	0.11417341977357864	0.27458009123802185
20211227	1711	30	0.10319679975509644	0.3685153126716614
20211227	1711	31	0.09536316990852356	0.3753259479999542
20211227	1711	32	0.10240030288696289	0.4016091823577881
20211227	1711	33	0.10928113013505936	0.2447720617055893
20211227	1711	34	0.09792978316545486	0.269887238740921
20211227	1711	35	0.0856536477804184	0.4999854564666748
20211227	1711	36	0.11921994388103485	0.30089500546455383
20211227	1711	37	0.10133543610572815	0.26558545231819153
20211227	1711	38	0.08720377087593079	0.30239349603652954
20211227	1711	39	0.09110979735851288	0.36810949444770813
20211227	1711	40	0.07686839997768402	0.3625778555870056
20211227	1711	41	0.07277828454971313	0.29002678394317627
20211227	1711	42	0.11937843263149261	0.41219794750213623
20211227	1711	43	0.09775058925151825	0.36219266057014465
20211227	1711	44	0.0781877338886261	0.19050326943397522
20211227	1711	45	0.06135733053088188	0.327267050743103
20211227	1711	46	0.09915275871753693	0.38327863812446594
20211227	1711	47	0.09988158941268921	0.24384135007858276
20211227	1711	48	0.0714309886097908	0.3083318769931793
20211227	1711	49	0.07537619024515152	0.2145216315984726
20211227	1711	50	0.05011468008160591	0.33420541882514954
20211227	1711	51	0.0777745246887207	0.2964913845062256
20211227	1711	52	0.0800623893737793	0.4007948338985443
20211227	1711	53	0.0911489725112915	0.3991605341434479
20211227	1711	54	0.05538162589073181	0.3014943599700928
20211227	1711	55	0.06060413271188736	0.33890029788017273
20211227	1711	56	0.06598401814699173	0.3085492253303528
20211227	1711	57	0.0747070237994194	0.3151259422302246
20211227	1711	58	0.07802373915910721	0.3395119905471802
20211227	1711	59	0.03948649391531944	0.21414662897586823
20211227	1711	60	0.07371951639652252	0.15557172894477844
20211227	1711	61	0.06176155433058739	0.30180326104164124
20211227	1711	62	0.09016343951225281	0.21453514695167542
20211227	1711	63	0.04013126716017723	0.21573224663734436
20211227	1711	64	0.05844581872224808	0.41764572262763977
20211227	1711	65	0.04428065940737724	0.4910546541213989
20211227	1711	66	0.03991694375872612	0.3529167175292969
20211227	1711	67	0.049571555107831955	0.26436084508895874
20211227	1711	68	0.07806522399187088	0.2969951033592224
20211227	1711	69	0.04581741243600845	0.3007693290710449
20211227	1711	70	0.07704592496156693	0.3049662411212921
20211227	1711	71	0.03352290019392967	0.4648932218551636
20211227	1711	72	0.05309734493494034	0.29201221466064453
20211227	1711	73	0.04131406545639038	0.2695912718772888
20211227	1711	74	0.044224489480257034	0.5345449447631836
20211227	1711	75	0.04410896077752113	0.29989737272262573
20211227	1711	76	0.07252690941095352	0.42986756563186646
20211227	1711	77	0.049630049616098404	0.43932023644447327
20211227	1711	78	0.0779515877366066	0.4716033637523651
20211227	1711	79	0.06301850080490112	0.26297205686569214
20211227	1711	80	0.047438766807317734	0.24449612200260162
20211227	1711	81	0.042855340987443924	0.34740734100341797
20211227	1711	82	0.0388999804854393	0.24404247105121613
20211227	1711	83	0.05721365660429001	0.4073624312877655
20211227	1711	84	0.023751672357320786	0.6482077240943909
20211227	1711	85	0.04689974710345268	0.27660852670669556
20211227	1711	86	0.048103995621204376	0.4166525900363922
20211227	1711	87	0.06305502355098724	0.443413645029068
20211227	1711	88	0.028338607400655746	0.3589532971382141
20211227	1711	89	0.042393382638692856	0.269832968711853
20211227	1711	90	0.06555096805095673	0.26279523968696594
20211227	1711	91	0.0474628247320652	0.31149640679359436
20211227	1711	92	0.03696214780211449	0.4033364951610565
20211227	1711	93	0.035493239760398865	0.33262693881988525
20211227	1711	94	0.04904913902282715	0.2611131966114044
20211227	1711	95	0.03426145017147064	0.1827235072851181
20211227	1711	96	0.07250972092151642	0.30291831493377686
20211227	1711	97	0.025804035365581512	0.3458091914653778
20211227	1711	98	0.031543176621198654	0.3917086720466614
20211227	1711	99	0.025028415024280548	0.4609478712081909
20211227	1711	100	0.0360046811401844	0.2544775903224945
