20211227	994	1	1.8374961614608765	1.8199994564056396
20211227	994	2	1.3010811805725098	1.0328400135040283
20211227	994	3	0.8202691078186035	0.725835382938385
20211227	994	4	0.6155994534492493	0.6217771768569946
20211227	994	5	0.4573732912540436	0.8247501850128174
20211227	994	6	0.35855311155319214	0.5446504950523376
20211227	994	7	0.324275940656662	0.42541036009788513
20211227	994	8	0.29298385977745056	0.564963698387146
20211227	994	9	0.27881643176078796	0.3573895990848541
20211227	994	10	0.2475820928812027	0.3269599974155426
20211227	994	11	0.2426663041114807	0.4003709852695465
20211227	994	12	0.22898025810718536	0.35202276706695557
20211227	994	13	0.16289275884628296	0.30248063802719116
20211227	994	14	0.19081610441207886	0.32288625836372375
20211227	994	15	0.14346246421337128	0.3118716776371002
20211227	994	16	0.19635049998760223	0.35756391286849976
20211227	994	17	0.14891734719276428	0.36922580003738403
20211227	994	18	0.13421180844306946	0.21709829568862915
20211227	994	19	0.13228566944599152	0.3668500781059265
20211227	994	20	0.1178012490272522	0.2572764754295349
20211227	994	21	0.12777452170848846	0.22567221522331238
20211227	994	22	0.12329002469778061	0.4357379972934723
20211227	994	23	0.06826962530612946	0.2567436099052429
20211227	994	24	0.10985398292541504	0.39458101987838745
20211227	994	25	0.09996473044157028	0.3019976019859314
20211227	994	26	0.08340637385845184	0.2698194086551666
20211227	994	27	0.10730528086423874	0.20125506818294525
20211227	994	28	0.08392120152711868	0.38846254348754883
20211227	994	29	0.06371919810771942	0.33164069056510925
20211227	994	30	0.08133421838283539	0.18511660397052765
20211227	994	31	0.08605479449033737	0.359554648399353
20211227	994	32	0.08802059292793274	0.2922799289226532
20211227	994	33	0.0686626136302948	0.2505078613758087
20211227	994	34	0.06934191286563873	0.2617117762565613
20211227	994	35	0.060732148587703705	0.28631314635276794
20211227	994	36	0.08730553835630417	0.38200658559799194
20211227	994	37	0.05480356141924858	0.4694557785987854
20211227	994	38	0.08513177186250687	0.2950577735900879
20211227	994	39	0.041788190603256226	0.3491751551628113
20211227	994	40	0.048323679715394974	0.34101924300193787
20211227	994	41	0.08082073926925659	0.5350775718688965
20211227	994	42	0.06284108012914658	0.304010808467865
20211227	994	43	0.050932373851537704	0.5533755421638489
20211227	994	44	0.05741414427757263	0.31478962302207947
20211227	994	45	0.02626601606607437	0.47291040420532227
20211227	994	46	0.04762859642505646	0.26501426100730896
20211227	994	47	0.04293808341026306	0.23287762701511383
20211227	994	48	0.04556572064757347	0.41132423281669617
20211227	994	49	0.06640734523534775	0.5318612456321716
20211227	994	50	0.03157689422369003	0.2789565920829773
20211227	994	51	0.05778967961668968	0.2512212097644806
20211227	994	52	0.045706138014793396	0.354868084192276
20211227	994	53	0.03842446953058243	0.3598307967185974
20211227	994	54	0.07767084240913391	0.2925785481929779
20211227	994	55	0.029578762128949165	0.48191285133361816
20211227	994	56	0.053458280861377716	0.21417196094989777
20211227	994	57	0.04239771515130997	0.3807682394981384
20211227	994	58	0.040716540068387985	0.5569243431091309
20211227	994	59	0.05879339575767517	0.3238435685634613
20211227	994	60	0.06397181004285812	0.3888927400112152
20211227	994	61	0.0143438084051013	0.5410623550415039
20211227	994	62	0.041818998754024506	0.28607162833213806
20211227	994	63	0.03251985087990761	0.48846906423568726
20211227	994	64	0.03307410329580307	0.4100940525531769
20211227	994	65	0.035618361085653305	0.4709636867046356
20211227	994	66	0.03137261047959328	0.3651892840862274
20211227	994	67	0.023365365341305733	0.3504103124141693
20211227	994	68	0.02854188159108162	0.3891651928424835
20211227	994	69	0.015813680365681648	0.14972935616970062
20211227	994	70	0.0235239639878273	0.29680168628692627
20211227	994	71	0.03567207232117653	0.4242699444293976
20211227	994	72	0.03865483030676842	0.18322056531906128
20211227	994	73	0.03277595713734627	0.4557751715183258
20211227	994	74	0.02882605977356434	0.5040713548660278
20211227	994	75	0.031390368938446045	0.4032784104347229
20211227	994	76	0.04765960946679115	0.4418328106403351
20211227	994	77	0.04469072446227074	0.33385753631591797
20211227	994	78	0.010352781042456627	0.46974706649780273
20211227	994	79	0.033441025763750076	0.5049222111701965
20211227	994	80	0.04199310019612312	0.40451058745384216
20211227	994	81	0.040276478976011276	0.34146440029144287
20211227	994	82	0.01699092611670494	0.317065954208374
20211227	994	83	0.07866983115673065	0.20326100289821625
20211227	994	84	0.02424086630344391	0.3687657415866852
20211227	994	85	0.010687997564673424	0.13834832608699799
20211227	994	86	0.019090812653303146	0.5383617877960205
20211227	994	87	0.020459530875086784	0.4182165265083313
20211227	994	88	0.021806750446558	0.3022899031639099
20211227	994	89	0.030322646722197533	0.4500441551208496
20211227	994	90	0.022985752671957016	0.40357503294944763
20211227	994	91	0.017347751185297966	0.3090260326862335
20211227	994	92	0.02113363705575466	0.28235122561454773
20211227	994	93	0.016438085585832596	0.38981297612190247
20211227	994	94	0.009428245946764946	0.5554889440536499
20211227	994	95	0.055048659443855286	0.31997430324554443
20211227	994	96	0.027977289631962776	0.607799768447876
20211227	994	97	0.013095598667860031	0.3475329875946045
20211227	994	98	0.035119157284498215	0.36982858180999756
20211227	994	99	0.03483225405216217	0.5262375473976135
20211227	994	100	0.019013134762644768	0.22562433779239655
20211227	994	1	0.1297285407781601	0.03630895912647247
20211227	994	2	0.09443607926368713	0.023308787494897842
20211227	994	3	0.10182253271341324	0.10121278464794159
20211227	994	4	0.06326456367969513	0.07556511461734772
20211227	994	5	0.05021267756819725	0.05180088058114052
20211227	994	6	0.04255101457238197	0.05727304518222809
20211227	994	7	0.014061279594898224	0.016560673713684082
20211227	994	8	0.03653508424758911	0.07494471967220306
20211227	994	9	0.09009423106908798	0.029908472672104836
20211227	994	10	0.03635053336620331	0.06059911102056503
20211227	994	11	0.030304821208119392	0.07210922986268997
20211227	994	12	0.05888305604457855	0.08654286712408066
20211227	994	13	0.04568558186292648	0.08237005025148392
20211227	994	14	0.03391952067613602	0.054452408105134964
20211227	994	15	0.023087814450263977	0.09012436121702194
20211227	994	16	0.04912928119301796	0.032904382795095444
20211227	994	17	0.033179767429828644	0.042076144367456436
20211227	994	18	0.07406212389469147	0.01689816452562809
20211227	994	19	0.018965763971209526	0.04229781776666641
20211227	994	20	0.041121501475572586	0.025154927745461464
20211227	994	21	0.03748435899615288	0.0628083273768425
20211227	994	22	0.04267801344394684	0.17719875276088715
20211227	994	23	0.045979924499988556	0.008489838801324368
20211227	994	24	0.03164486587047577	0.05697137117385864
20211227	994	25	0.04277605190873146	0.09365904331207275
20211227	994	26	0.043222323060035706	0.01629904843866825
20211227	994	27	0.027659226208925247	0.08005986362695694
20211227	994	28	0.02048548124730587	0.041592132300138474
20211227	994	29	0.07013384997844696	0.07242999970912933
20211227	994	30	0.036959778517484665	0.015575891360640526
20211227	994	31	0.019142882898449898	0.04151789844036102
20211227	994	32	0.046786583960056305	0.012326419353485107
20211227	994	33	0.09057280421257019	0.06987307220697403
20211227	994	34	0.023279909044504166	0.0269545279443264
20211227	994	35	0.05687876418232918	0.06445224583148956
20211227	994	36	0.023190472275018692	0.07048649340867996
20211227	994	37	0.015681404620409012	0.0910191535949707
20211227	994	38	0.019256334751844406	0.08726833760738373
20211227	994	39	0.05561331659555435	0.03278076648712158
20211227	994	40	0.02430928312242031	0.19868509471416473
20211227	994	41	0.018800467252731323	0.03393615037202835
20211227	994	42	0.02377634309232235	0.04109986498951912
20211227	994	43	0.02344657853245735	0.0235990472137928
20211227	994	44	0.07700949907302856	0.016389435157179832
20211227	994	45	0.03810293599963188	0.038839347660541534
20211227	994	46	0.024863263592123985	0.08042217791080475
20211227	994	47	0.02594665437936783	0.0738406851887703
20211227	994	48	0.048859089612960815	0.06911290436983109
20211227	994	49	0.031748536974191666	0.056323323398828506
20211227	994	50	0.024790579453110695	0.07724133133888245
20211227	994	51	0.009589052759110928	0.01213403046131134
20211227	994	52	0.022503962740302086	0.13449689745903015
20211227	994	53	0.02231428772211075	0.11102265119552612
20211227	994	54	0.0037168245762586594	0.14509285986423492
20211227	994	55	0.024967527016997337	0.019956745207309723
20211227	994	56	0.01169170904904604	0.3195793032646179
20211227	994	57	0.03601997718214989	0.10158315300941467
20211227	994	58	0.05173485353589058	0.030402343720197678
20211227	994	59	0.008983706124126911	0.03612707927823067
20211227	994	60	0.015485732816159725	0.04279240220785141
20211227	994	61	0.008419481106102467	0.042769744992256165
20211227	994	62	0.025530312210321426	0.05019069090485573
20211227	994	63	0.019067566841840744	0.05179668217897415
20211227	994	64	0.03685547038912773	0.15477050840854645
20211227	994	65	0.01358562521636486	0.1404944211244583
20211227	994	66	0.023521821945905685	0.035502441227436066
20211227	994	67	0.02507372386753559	0.023413827642798424
20211227	994	68	0.013040410354733467	0.12130090594291687
20211227	994	69	0.007615786977112293	0.01436378713697195
20211227	994	70	0.018713083118200302	0.139654740691185
20211227	994	71	0.007033628411591053	0.1086316704750061
20211227	994	72	0.002344476757571101	0.05178598687052727
20211227	994	73	0.02242683619260788	0.056710414588451385
20211227	994	74	0.05184093862771988	0.06744278967380524
20211227	994	75	0.021899303421378136	0.07467050850391388
20211227	994	76	0.00710701709613204	0.10200061649084091
20211227	994	77	0.019679956138134003	0.03717106580734253
20211227	994	78	0.0009561541955918074	0.10047309845685959
20211227	994	79	0.0033399162348359823	0.0029210441280156374
20211227	994	80	0.01922421157360077	0.11370481550693512
20211227	994	81	0.030991991981863976	0.10779357701539993
20211227	994	82	0.03087211772799492	0.04971275478601456
20211227	994	83	0.007253577932715416	0.050290949642658234
20211227	994	84	0.04899397864937782	0.06217585504055023
20211227	994	85	0.03101763129234314	0.03478068485856056
20211227	994	86	0.015056515112519264	0.013230896554887295
20211227	994	87	0.011210569180548191	0.06740599870681763
20211227	994	88	0.006441087462007999	0.11832127720117569
20211227	994	89	0.015801124274730682	0.11310739070177078
20211227	994	90	0.006208421196788549	0.11375772953033447
20211227	994	91	0.017513172701001167	0.05719291791319847
20211227	994	92	0.01757045090198517	0.22474728524684906
20211227	994	93	0.02005797252058983	0.10049508512020111
20211227	994	94	0.002399010816588998	0.0940326601266861
20211227	994	95	0.044201966375112534	0.05683997645974159
20211227	994	96	0.010752853937447071	0.1200251430273056
20211227	994	97	0.01775483600795269	0.0581989660859108
20211227	994	98	0.003210162278264761	0.18809308111667633
20211227	994	99	0.01303090713918209	0.2675362527370453
20211227	994	100	0.002496361033990979	0.23511412739753723
20211227	992	1	0.011098290793597698	0.005376756656914949
20211227	992	2	0.03548906743526459	0.005407234653830528
20211227	992	3	0.033182915300130844	0.10599641501903534
20211227	992	4	0.011234630830585957	0.012493226677179337
20211227	992	5	0.04155103117227554	0.03054175339639187
20211227	992	6	0.04492485150694847	0.041683610528707504
20211227	992	7	0.0430096872150898	0.062152791768312454
20211227	992	8	0.01885409653186798	0.03351369500160217
20211227	992	9	0.009928385727107525	0.01367180235683918
20211227	992	10	0.032071299850940704	0.030089745298027992
20211227	992	11	0.009628362953662872	0.011103366501629353
20211227	992	12	0.035287875682115555	0.03672665357589722
20211227	992	13	0.010910062119364738	0.03067680075764656
20211227	992	14	0.010027698241174221	0.00656485790386796
20211227	992	15	0.006718708202242851	0.01910913549363613
20211227	992	16	0.04117140546441078	0.012353971600532532
20211227	992	17	0.01622004620730877	0.011183090507984161
20211227	992	18	0.011003061197698116	0.005531775765120983
20211227	992	19	0.04078393802046776	0.019922316074371338
20211227	992	20	0.03540181741118431	0.0038107542786747217
20211227	992	21	0.00377704668790102	0.08191166818141937
20211227	992	22	0.0021486440673470497	0.021485760807991028
20211227	992	23	0.005557206925004721	9.600043267710134e-05
20211227	992	24	0.008870297111570835	0.012244646437466145
20211227	992	25	0.026408828794956207	0.0880880132317543
20211227	992	26	0.024482108652591705	0.035191264003515244
20211227	992	27	0.047120384871959686	0.04748227819800377
20211227	992	28	0.005748365074396133	0.061295151710510254
20211227	992	29	0.018829727545380592	0.21596908569335938
20211227	992	30	0.019295521080493927	0.06204899400472641
20211227	992	31	0.0015872836811468005	0.020028267055749893
20211227	992	32	0.018633626401424408	0.04606681689620018
20211227	992	33	0.03073013573884964	0.032424744218587875
20211227	992	34	0.00048267998499795794	0.11216782033443451
20211227	992	35	0.03186803683638573	0.0253139715641737
20211227	992	36	0.018215851858258247	0.06163796782493591
20211227	992	37	0.0013392467517405748	0.030267857015132904
20211227	992	38	0.02620386704802513	0.08755186200141907
20211227	992	39	0.00828115176409483	0.10953772068023682
20211227	992	40	0.01446502935141325	0.01953906938433647
20211227	992	41	0.02916102111339569	0.020039228722453117
20211227	992	42	0.01951737143099308	0.05752177536487579
20211227	992	43	0.027343636378645897	0.0019410740351304412
20211227	992	44	0.022626593708992004	0.0940881073474884
20211227	992	45	0.005688620265573263	0.0814642682671547
20211227	992	46	0.00568247539922595	0.0015167513629421592
20211227	992	47	0.010253065265715122	0.12420909106731415
20211227	992	48	0.0029299133457243443	0.021150920540094376
20211227	992	49	0.007549326866865158	0.054118696600198746
20211227	992	50	0.022022269666194916	0.0006668293499387801
20211227	992	51	0.0010950536234304309	0.0009557892335578799
20211227	992	52	0.020064102485775948	0.01503409817814827
20211227	992	53	0.02550179325044155	0.0004984884872101247
20211227	992	54	0.008170870132744312	0.05338318645954132
20211227	992	55	0.004990474786609411	0.0490754172205925
20211227	992	56	0.006195243913680315	0.12217763066291809
20211227	992	57	0.026216430589556694	0.020137878134846687
20211227	992	58	0.007680142298340797	0.07359983772039413
20211227	992	59	0.012755289673805237	0.046960748732089996
20211227	992	60	0.0047873579896986485	0.06296775490045547
20211227	992	61	0.021141059696674347	0.09471525996923447
20211227	992	62	0.010723968967795372	0.19592195749282837
20211227	992	63	0.021152785047888756	0.0848071500658989
20211227	992	64	0.01422098558396101	0.01922730728983879
20211227	992	65	0.0012825597077608109	0.05055542662739754
20211227	992	66	0.0005693003186024725	0.2008742392063141
20211227	992	67	0.02171025238931179	0.23777949810028076
20211227	992	68	0.004777163732796907	0.04700362682342529
20211227	992	69	0.009581191465258598	0.14073003828525543
20211227	992	70	0.01136943232268095	0.22040589153766632
20211227	992	71	0.033098358660936356	0.015058562159538269
20211227	992	72	0.006154276896268129	0.026917817071080208
20211227	992	73	0.007200334686785936	0.08946434408426285
20211227	992	74	0.031234947964549065	0.01611834205687046
20211227	992	75	0.009360209107398987	0.16532404720783234
20211227	992	76	0.0029850772116333246	0.12774135172367096
20211227	992	77	0.022990228608250618	0.1385495811700821
20211227	992	78	0.0067525398917496204	0.002170680556446314
20211227	992	79	0.00017632079834584147	0.034438591450452805
20211227	992	80	0.03026762418448925	0.033676814287900925
20211227	992	81	0.009373154491186142	0.05307886749505997
20211227	992	82	0.00041826048982329667	0.03210427612066269
20211227	992	83	0.014860657975077629	0.05106223374605179
20211227	992	84	0.011119064874947071	0.1085011437535286
20211227	992	85	0.026975665241479874	0.016469284892082214
20211227	992	86	0.0028298203833401203	0.13592638075351715
20211227	992	87	0.008875352330505848	0.06977799534797668
20211227	992	88	0.003908032085746527	0.0007236931705847383
20211227	992	89	0.017577214166522026	0.03452068939805031
20211227	992	90	0.0024612443521618843	0.08037009090185165
20211227	992	91	0.010691490024328232	0.1283172219991684
20211227	992	92	0.005096086300909519	0.16039282083511353
20211227	992	93	0.0007353468099609017	0.2960057556629181
20211227	992	94	0.004216971341520548	0.09692954272031784
20211227	992	95	0.0007876941817812622	0.010269701480865479
20211227	992	96	0.01347741112112999	0.2561824917793274
20211227	992	97	0.005910322070121765	0.09132535010576248
20211227	992	98	0.0013121042866259813	0.0012844052398577332
20211227	992	99	0.021394630894064903	0.12088298052549362
20211227	992	100	0.013297331519424915	0.006863773800432682
20220102	1020	1	0.14937344193458557	0.014345766045153141
20220102	1020	2	0.07507508993148804	0.17609792947769165
20220102	1020	3	0.05279487743973732	9.730815509101376e-05
20220102	1020	4	0.032368194311857224	0.07840139418840408
20220102	1020	5	0.02695729024708271	0.001392785576172173
20220102	1020	6	0.0371648333966732	0.05204716697335243
20220102	1020	7	0.03172129765152931	0.1590738147497177
20220102	1020	8	0.06259611994028091	0.09670623391866684
20220102	1020	9	0.009992273524403572	0.006584465503692627
20220102	1020	10	0.04204282537102699	0.09506241232156754
20220102	1020	11	0.017824513837695122	0.06388604640960693
20220102	1020	12	0.02498015947639942	0.028484033420681953
20220102	1020	13	0.023414529860019684	0.13691973686218262
20220102	1020	14	0.02307319827377796	0.07970669120550156
20220102	1020	15	0.04872128367424011	0.04186667129397392
20220102	1020	16	0.011088323779404163	0.06716162711381912
20220102	1020	17	0.04415618255734444	0.0026037252973765135
20220102	1020	18	0.03707324340939522	0.16705328226089478
20220102	1020	19	0.014058571308851242	0.060912199318408966
20220102	1020	20	0.02971767447888851	0.18782438337802887
20220102	1020	21	0.013682765886187553	0.06355026364326477
20220102	1020	22	0.025646576657891273	0.051627013832330704
20220102	1020	23	0.023710167035460472	0.013129535131156445
20220102	1020	24	0.021122660487890244	0.0981353297829628
20220102	1020	25	0.004178985953330994	0.010264066979289055
20220102	1020	26	0.015949144959449768	0.0536809116601944
20220102	1020	27	0.02168533205986023	0.08422809839248657
20220102	1020	28	0.027675822377204895	0.0451655238866806
20220102	1020	29	0.013468668796122074	0.030282480642199516
20220102	1020	30	0.042098190635442734	0.15254870057106018
20220102	1020	31	0.020311065018177032	0.03934859856963158
20220102	1020	32	0.009233813732862473	0.0977516770362854
20220102	1020	33	0.023991340771317482	0.03606574982404709
20220102	1020	34	0.01393898669630289	0.0285795945674181
20220102	1020	35	0.033082664012908936	0.13579976558685303
20220102	1020	36	0.02980055846273899	0.08633866906166077
20220102	1020	37	0.012230461463332176	0.012314305640757084
20220102	1020	38	0.005892154760658741	0.10066462308168411
20220102	1020	39	0.005305966828018427	0.4022766053676605
20220102	1020	40	0.02107844687998295	0.009144090116024017
20220102	1020	41	0.013292321935296059	0.003912499640136957
20220102	1020	42	0.038862526416778564	0.20115096867084503
20220102	1020	43	0.01173674687743187	0.081578329205513
20220102	1020	44	0.006960286758840084	0.008113338612020016
20220102	1020	45	0.008849777281284332	0.025655608624219894
20220102	1020	46	0.002010874915868044	0.03341566398739815
20220102	1020	47	0.005844136234372854	0.10572392493486404
20220102	1020	48	0.019708499312400818	0.19645653665065765
20220102	1020	49	0.0211213156580925	0.10901172459125519
20220102	1020	50	0.004051683470606804	0.09165608882904053
20220102	1020	51	0.010402015410363674	0.1380571871995926
20220102	1020	52	0.014511343091726303	0.1711028814315796
20220102	1020	53	0.009204337373375893	0.08688056468963623
20220102	1020	54	0.022594202309846878	0.188875213265419
20220102	1020	55	0.018391964957118034	0.0863736942410469
20220102	1020	56	0.006015306804329157	0.01777592860162258
20220102	1020	57	0.0020509762689471245	0.05531907454133034
20220102	1020	58	0.0015301383100450039	0.0005505531444214284
20220102	1020	59	0.0008957133977673948	0.10424647480249405
20220102	1020	60	0.0036939324345439672	0.19976183772087097
20220102	1020	61	0.019404364749789238	0.24248318374156952
20220102	1020	62	0.015782887116074562	0.028743447735905647
20220102	1020	63	0.0019371600355952978	0.04147893190383911
20220102	1020	64	0.02039172314107418	0.008346378803253174
20220102	1020	65	0.00011880139209097251	0.071909599006176
20220102	1020	66	0.007892003282904625	0.031059136614203453
20220102	1020	67	0.014674999751150608	0.021874718368053436
20220102	1020	68	0.03915194422006607	0.061595380306243896
20220102	1020	69	0.022135421633720398	0.04167274013161659
20220102	1020	70	0.0018599816830828786	0.20575229823589325
20220102	1020	71	0.0013427098747342825	0.15061038732528687
20220102	1020	72	0.02823258377611637	0.07515756040811539
20220102	1020	73	0.007929005660116673	0.031290896236896515
20220102	1020	74	0.003774369368329644	0.0018528070067986846
20220102	1020	75	0.006460884120315313	0.004743555560708046
20220102	1020	76	0.0025513595901429653	0.13869832456111908
20220102	1020	77	0.031954504549503326	0.010158992372453213
20220102	1020	78	0.019838739186525345	0.04085838049650192
20220102	1020	79	0.0031415855046361685	0.12454286962747574
20220102	1020	80	7.31887121219188e-05	0.15227508544921875
20220102	1020	81	0.010409084148705006	0.04260498285293579
20220102	1020	82	0.022028563544154167	0.25267091393470764
20220102	1020	83	0.001422383589670062	0.1675630658864975
20220102	1020	84	0.0027473957743495703	0.15125738084316254
20220102	1020	85	0.012350933626294136	0.016209015622735023
20220102	1020	86	0.008257797919213772	0.17461811006069183
20220102	1020	87	0.001224234001711011	0.008551249280571938
20220102	1020	88	0.0008881905232556164	0.1334780603647232
20220102	1020	89	0.006578565109521151	0.10107558965682983
20220102	1020	90	0.020630264654755592	0.21536953747272491
20220102	1020	91	0.008035419508814812	9.053955727722496e-05
20220102	1020	92	0.005453518126159906	0.0016287924954667687
20220102	1020	93	0.00016980931104626507	0.046181969344615936
20220102	1020	94	0.01425981242209673	0.20013029873371124
20220102	1020	95	0.01012479793280363	0.23452690243721008
20220102	1020	96	0.005068921018391848	0.23515677452087402
20220102	1020	97	0.006550920195877552	0.001381583628244698
20220102	1020	98	0.02072458155453205	0.12591862678527832
20220102	1020	99	0.02095496840775013	0.09637562185525894
20220102	1020	100	0.012362363748252392	0.17755694687366486
